       Terminals|   AssignOp   BeginSym      Comma     EOfSym     EndSym         Id IntLiteral     LParen    MinusOp     PlusOp     RParen    ReadSym  SemiColon   WriteSym
    Nonterminals_
          <addop>        999        999        999        999        999        999        999        999         22         21        999        999        999        999
       <assignop>         26        999        999        999        999        999        999        999        999        999        999        999        999        999
       <beginsym>        999         23        999        999        999        999        999        999        999        999        999        999        999        999
          <comma>        999        999         32        999        999        999        999        999        999        999        999        999        999        999
         <endsym>        999        999        999        999         24        999        999        999        999        999        999        999        999        999
         <eofsym>        999        999        999         36        999        999        999        999        999        999        999        999        999        999
     <expression>        999        999        999        999        999         15         15         15        999        999        999        999        999        999
 <expressiontail>        999        999         13        999        999        999        999        999        999        999         14        999        999        999
       <exprlist>        999        999        999        999        999         12         12         12        999        999        999        999        999        999
          <ident>        999        999        999        999        999         25        999        999        999        999        999        999        999        999
         <idlist>        999        999        999        999        999          9        999        999        999        999        999        999        999        999
         <idtail>        999        999         10        999        999        999        999        999        999        999         11        999        999        999
     <intliteral>        999        999        999        999        999        999         33        999        999        999        999        999        999        999
         <lparen>        999        999        999        999        999        999        999         30        999        999        999        999        999        999
        <minusop>        999        999        999        999        999        999        999        999         35        999        999        999        999        999
         <plusop>        999        999        999        999        999        999        999        999        999         34        999        999        999        999
        <primary>        999        999        999        999        999         19         20         18        999        999        999        999        999        999
    <primarytail>        999        999         17        999        999        999        999        999         16         16         17        999         17        999
        <program>        999          2        999        999        999        999        999        999        999        999        999        999        999        999
        <readsym>        999        999        999        999        999        999        999        999        999        999        999         28        999        999
         <rparen>        999        999        999        999        999        999        999        999        999        999         31        999        999        999
      <semicolon>        999        999        999        999        999        999        999        999        999        999        999        999         27        999
      <statement>        999        999        999        999        999          6        999        999        999        999        999          7        999          8
  <statementtail>        999        999        999        999          5          4        999        999        999        999        999          4        999          4
       <stmtlist>        999        999        999        999        999          3        999        999        999        999        999          3        999          3
     <systemgoal>        999          1        999        999        999        999        999        999        999        999        999        999        999        999
       <writesym>        999        999        999        999        999        999        999        999        999        999        999        999        999         29
